Default_House
20 20
3 3 3 3 3 3 3 3 3 3 3 3 3 3 3 3 3 3 3 3 
3 1 1 1 1 1 1 1 3 1 1 1 1 1 1 1 1 1 1 3 
3 1 1 1 1 1 1 1 3 1 1 1 1 4 4 1 1 1 1 3 
3 1 1 6 6 1 1 1 3 1 1 1 1 1 1 1 1 1 1 3 
3 1 1 6 6 1 1 1 3 1 1 1 1 1 1 1 1 1 1 3 
3 1 1 1 1 1 1 1 3 1 1 1 1 1 1 1 1 1 1 3 
3 1 1 1 5 1 1 1 3 1 1 1 1 1 1 1 1 1 1 3 
3 1 1 1 1 1 1 1 2 1 1 1 1 1 1 1 1 1 1 3 
3 3 3 3 3 3 3 3 3 1 1 1 1 1 1 1 1 1 1 3 
3 1 1 1 1 1 1 1 1 1 1 1 1 1 1 1 1 1 1 3 
3 1 1 1 1 1 1 1 1 1 1 1 1 1 1 1 1 1 1 3 
3 1 1 1 1 1 1 1 1 1 1 1 1 1 1 1 1 1 1 3 
3 1 1 1 1 1 1 1 1 1 1 1 1 1 5 1 1 1 1 3 
3 1 1 1 1 1 1 1 1 1 1 1 5 6 6 1 1 1 1 3 
3 1 1 4 1 1 1 1 1 1 1 1 1 6 6 5 1 1 1 3 
3 1 1 1 1 1 1 1 1 1 1 1 1 5 1 1 1 1 1 3 
3 1 1 1 1 1 1 1 1 1 1 1 1 1 1 1 1 1 1 3 
3 1 1 1 1 1 1 1 1 1 1 1 1 1 1 1 1 1 1 3 
3 1 1 1 1 1 1 1 1 1 1 1 1 1 1 1 1 1 1 3 
3 3 3 3 3 3 3 3 3 3 3 3 3 3 3 3 3 3 3 3 
